_viz_0 = nengo_gui.components.HTMLView(environment)
_viz_config[_viz_0].x = 1.350635615147443
_viz_config[_viz_0].y = 2.0836104806851097
_viz_config[_viz_0].width = 1.1258601351100204
_viz_config[_viz_0].height = 1.0002661758148785
_viz_config[_viz_0].label_visible = True
_viz_1 = nengo_gui.components.Slider(linear_velocity)
_viz_config[_viz_1].max_value = 1
_viz_config[_viz_1].min_value = -1
_viz_config[_viz_1].x = -0.05821819156064609
_viz_config[_viz_1].y = 0.5211018554774992
_viz_config[_viz_1].width = 0.2041154528100546
_viz_config[_viz_1].height = 0.35862515812443857
_viz_config[_viz_1].label_visible = True
_viz_3 = nengo_gui.components.Pointer(input,args='<output>')
_viz_config[_viz_3].show_pairs = False
_viz_config[_viz_3].max_size = 1000.0
_viz_config[_viz_3].x = -1.2649676604837208
_viz_config[_viz_3].y = 2.902581687657125
_viz_config[_viz_3].width = 1.1137175676097548
_viz_config[_viz_3].height = 0.3585329073936455
_viz_config[_viz_3].label_visible = True
_viz_net_graph = nengo_gui.components.NetGraph()
_viz_progress = nengo_gui.components.Progress()
_viz_config[_viz_progress].x = 0
_viz_config[_viz_progress].y = 0
_viz_config[_viz_progress].width = 100
_viz_config[_viz_progress].height = 100
_viz_config[_viz_progress].label_visible = True
_viz_sim_control = nengo_gui.components.SimControl()
_viz_config[_viz_sim_control].shown_time = 0.5
_viz_config[_viz_sim_control].kept_time = 4.0
_viz_config[angular_velocity].pos=(1.2117514042082802, 0.35860671916271913)
_viz_config[angular_velocity].size=(0.26996431196724147, 0.166269410681811)
_viz_config[cues_in].pos=(-0.2540284589149438, 4.200169257282804)
_viz_config[cues_in].size=(2.0085344810362766, 0.6650776427272439)
_viz_config[cues_in].expanded=False
_viz_config[cues_in].has_layout=False
_viz_config[environment].pos=(-0.745772171194134, 1.370856823664221)
_viz_config[environment].size=(0.522021411820058, 0.4432746251317052)
_viz_config[input].pos=(-0.8561276319223583, -0.09243417614526168)
_viz_config[input].size=(0.5399286239344829, 0.665077642727244)
_viz_config[input].expanded=True
_viz_config[input].has_layout=True
_viz_config[input.input].pos=(0.10655737704918032, 0.4318181818181818)
_viz_config[input.input].size=(0.06557377049180327, 0.03636363636363636)
_viz_config[input.output].pos=(0.8934426229508197, 0.4318181818181818)
_viz_config[input.output].size=(0.06557377049180327, 0.03636363636363636)
_viz_config[input.state_ensembles].pos=(0.5, 0.5)
_viz_config[input.state_ensembles].size=(0.4, 0.4)
_viz_config[input.state_ensembles].expanded=False
_viz_config[input.state_ensembles].has_layout=True
_viz_config[linear_velocity].pos=(-1.7578560274313757, 1.8217775331626558)
_viz_config[linear_velocity].size=(0.21597144957379316, 0.1330155285454488)
_viz_config[map_selector].pos=(-1.7578560274313757, 2.7528862329807975)
_viz_config[map_selector].size=(0.21597144957379316, 0.1330155285454488)
_viz_config[model].pos=(2.4327668073494793, 0.4727403342463359)
_viz_config[model].size=(0.19915017829000645, 0.19915017829000645)
_viz_config[model].expanded=True
_viz_config[model].has_layout=True
_viz_config[stim_cues].pos=(-1.9848542691018765, 0.28941716302669157)
_viz_config[stim_cues].size=(0.5399286239344829, 0.665077642727244)
_viz_config[stim_cues].expanded=True
_viz_config[stim_cues].has_layout=True
_viz_config[stim_cues.input].pos=(0.6923076923076923, 0.4468383791493864)
_viz_config[stim_cues.input].size=(0.3076923076923077, 0.2222222222222222)